406.11
384.51
372.23
395.89
403.15
367.83
430.50
439.91
374.10
352.39
391.18
424.53
419.15
407.10
414.72
392.11
360.35
364.76
433.52
413.13
350.65
423.73
360.56
360.60
374.58
433.00
448.61
361.37
367.59
372.07
405.10
354.72
448.54
446.22
380.02
399.62
391.28
420.06
367.93
425.72
392.82
379.93
425.52
367.01
426.93
381.34
418.69
414.28
315.73
395.21
391.80
403.66
392.57
435.24
363.37
398.95
406.33
364.87
437.64
377.79
445.58
395.06
329.43
399.77
374.97
406.23
398.70
417.33
404.48
361.82
393.67
393.96
418.56
366.25
411.62
404.53
331.70
410.50
390.36
399.54
358.13
423.65
433.82
324.10
410.80
405.67
368.04
364.84
414.10
336.60
306.49
397.83
385.89
431.67
399.08
419.65
391.97
395.65
435.29
390.57
387.43
392.09
404.79
374.50
353.84
411.24
371.53
412.87
349.25
433.31
437.37
383.41
410.44
360.94
384.97
384.59
445.49
427.19
406.25
419.53
389.75
386.64
391.68
430.84
420.75
307.30
442.10
380.12
407.69
385.90
398.21
416.47
365.50
435.56
388.08
354.53
399.18
449.16
429.05
384.29
451.43
411.41
417.24
374.36
429.65
399.26
341.74
423.35
387.44
400.82
366.98
406.07
429.69
392.35
400.30
364.42
410.39
381.98
412.13
355.12
344.77
400.21
405.10
394.87
395.75
408.83
434.91
381.82
432.68
365.72
373.25
397.35
409.39
373.16
351.79
418.34
351.34
416.29
407.10
360.00
398.91
345.08
414.10
363.58
406.85
367.65
442.71
422.48
356.83
383.44
397.86
389.36
392.20
409.36
392.25
385.24
446.70
359.82
423.92
373.93
429.00
411.25
431.02
431.79
383.90
425.40
338.78
453.88
395.13
380.01
391.58
389.82
407.02
386.87
419.97
417.01
382.25
434.33
385.14
416.61
355.82
443.24
371.84
330.06
409.82
404.85
413.79
362.79
400.03
370.55
328.27
421.43
396.69
429.35
408.21
422.93
405.13
417.57
412.57
367.44
357.93
388.86
412.64
434.37
385.41
383.62
391.72
386.74
386.73
428.74
375.34
441.59
376.23
409.09
398.74
389.80
433.16
450.36
336.49
415.07
382.27
390.00
409.92
409.23
375.75
362.21
400.38
372.70
399.92
368.80
399.83
312.88
330.54
407.23
381.39
395.52
389.58
434.80
379.30
347.47
409.29
399.96
358.96
370.12
435.04
434.47
355.80
366.88
406.76
389.84
354.12
410.92
398.92
372.58
453.59
386.20
450.20
383.92
407.90
399.75
299.58
414.22
387.41
395.95
372.11
438.16
387.29
436.86
429.78
387.99
416.19
405.09
423.58
393.24
369.85
388.33
403.28
368.06
351.67
427.11
461.48
376.71
399.49
377.45
432.42
370.60
405.88
433.40
353.18
388.69
403.13
404.63
389.37
398.56
388.84
382.94
410.25
372.15
400.79
364.97
393.83
440.05
376.78
425.96
395.19
394.27
372.11
439.48
357.65
347.72
375.22
372.86
374.09
382.86
430.93
384.44
410.30
417.77
381.00
392.66
356.23
452.05
387.97
383.87
